u0 = [0 0 0; 0 1 0; 0 0 0];
u1 = [0 0 0; 1 0 1; 0 0 0];
u2 = [0 0 0; -1 0 1; 0 0 0];
u3 = [0 1 0; 0 0 0; 0 1 0];
u4 = [1 0 1; 0 0 0; 1 0 1];
u5 = [-1 0 1; 0 0 0; -1 0 1];
u6 = [0 -1 0; 0 0 0; 0 1 0];
u7 = [-1 0 -1; 0 0 0; 1 0 1];
u8 = [1 0 -1; 0 0 0; -1 0 1];